Date,GDP_Level,Bank_Rate,CPI_Inflation
2019Q1,665456.0,0.75,107.8
2019Q2,666875.0,0.75,107.8
2019Q3,670547.0,0.75,107.8
2019Q4,670587.0,0.75,107.8
2020Q1,652180.0,0.61171875,108.7
2020Q2,522356.0,0.1,108.7
2020Q3,610972.0,0.1,108.7
2020Q4,619330.0,0.1,108.7
2021Q1,612665.0,0.1,111.6
2021Q2,655443.0,0.1,111.6
2021Q3,666498.0,0.1,111.6
2021Q4,675680.0,0.1234375,111.6
2022Q1,682527.0,0.45634920634920634,121.7
2022Q2,686335.0,0.9583333333333334,121.7
2022Q3,687029.0,1.6171875,121.7
2022Q4,688817.0,2.8055555555555554,121.7
2023Q1,689206.0,3.85546875,130.5
2023Q2,689491.0,4.458333333333333,130.5
2023Q3,687839.0,5.16015625,130.5
2023Q4,685628.0,5.25,130.5
2024Q1,691387.0,5.25,133.9
2024Q2,695793.0,5.25,133.9
2024Q3,697153.0,5.088461538461538,133.9
2024Q4,698832.0,4.85546875,133.9
2025Q1,703458.0,4.599206349206349,133.9
2025Q2,705403.0,4.348360655737705,133.9
